%YAML:1.0
CMLeft: !!opencv-matrix
   rows: 3
   cols: 3
   dt: d
   data: [ 7.9275289243753832e+02, 0., 6.3906746258358112e+02, 0.,
       7.9278088797775831e+02, 3.7845103677249432e+02, 0., 0., 1. ]
DLeft: !!opencv-matrix
   rows: 1
   cols: 5
   dt: d
   data: [ -4.4613125641527507e-01, 2.3987566886390632e-01, 0., 0.,
       -7.5082174044907343e-02 ]
CMRight: !!opencv-matrix
   rows: 3
   cols: 3
   dt: d
   data: [ 7.9275289243753832e+02, 0., 6.3972045906923006e+02, 0.,
       7.9278088797775831e+02, 3.8085133166491192e+02, 0., 0., 1. ]
DRight: !!opencv-matrix
   rows: 1
   cols: 5
   dt: d
   data: [ -4.5456670380594610e-01, 2.5087882299369491e-01, 0., 0.,
       -7.3967872043325444e-02 ]
R: !!opencv-matrix
   rows: 3
   cols: 3
   dt: d
   data: [ 9.9996416985174386e-01, -3.5623626681963536e-03,
       -7.6791005289040381e-03, 3.6235938206234056e-03,
       9.9996163668923443e-01, 7.9746296221545991e-03,
       7.6503974103253741e-03, -8.0021698312174490e-03,
       9.9993871647089272e-01 ]
T: !!opencv-matrix
   rows: 3
   cols: 1
   dt: d
   data: [ -6.1720058259983169e+01, 1.5794977792193865e-01,
       -1.0461674512681010e+00 ]
E: !!opencv-matrix
   rows: 3
   cols: 3
   dt: d
   data: [ 4.9992644837278961e-03, 1.0448633758733208e+00,
       1.6628289614874245e-01, -5.7394699305591490e-01,
       -4.9016756031594105e-01, 6.1724309462024642e+01,
       -3.8159254027737027e-01, -6.1717127799815351e+01,
       -4.9098169265798880e-01 ]
F: !!opencv-matrix
   rows: 3
   cols: 3
   dt: d
   data: [ -1.8212164209421819e-08, -3.8062701941729768e-06,
       9.7190502185410534e-04, 2.0907971158219580e-06,
       1.7855389844022081e-06, -1.8026380561388308e-01,
       3.1739716365307620e-04, 1.7998609042112459e-01, 1. ]
