%YAML:1.0
CMLeft: !!opencv-matrix
   rows: 3
   cols: 3
   dt: d
   data: [ 7.9370696917404655e+02, 0., 6.4515449731322201e+02, 0.,
       8.0295035363817260e+02, 3.5520296922487455e+02, 0., 0., 1. ]
DLeft: !!opencv-matrix
   rows: 1
   cols: 14
   dt: d
   data: [ -4.4816618249174917e-01, 2.5712257909847763e-01, 0., 0., 0.,
       0., 0., 1.1739582506997395e-01, 0., 0., 0., 0., 0., 0. ]
CMRight: !!opencv-matrix
   rows: 3
   cols: 3
   dt: d
   data: [ 7.9370696917404655e+02, 0., 6.2582167120162910e+02, 0.,
       8.0295035363817260e+02, 3.7325954113485483e+02, 0., 0., 1. ]
DRight: !!opencv-matrix
   rows: 1
   cols: 14
   dt: d
   data: [ -4.4405621103619358e-01, 2.6041908300232552e-01, 0., 0., 0.,
       0., 0., 9.9349493890533394e-02, 0., 0., 0., 0., 0., 0. ]
R: !!opencv-matrix
   rows: 3
   cols: 3
   dt: d
   data: [ 9.9985940912433990e-01, 2.0026465782636978e-04,
       1.6766689583599878e-02, -1.6602487985456542e-05,
       9.9994000942519179e-01, -1.0953413856181284e-02,
       -1.6767877321932065e-02, 1.0951595537373408e-02,
       9.9979943030855067e-01 ]
T: !!opencv-matrix
   rows: 3
   cols: 1
   dt: d
   data: [ -6.1608282397399975e+01, -1.8476176580518330e-01,
       -6.8309576032253294e-02 ]
E: !!opencv-matrix
   rows: 3
   cols: 3
   dt: d
   data: [ 3.0969285138894892e-03, 6.6282041971652939e-02,
       -1.8547293125144568e-01, -1.1013400935836923e+00,
       6.7469531057473586e-01, 6.1594780317751891e+01,
       1.8575864075504769e-01, -6.1604549479874194e+01,
       6.7791885724138368e-01 ]
F: !!opencv-matrix
   rows: 3
   cols: 3
   dt: d
   data: [ -5.1211536684774523e-09, -1.0834378568799998e-07,
       2.8521979548660250e-04, 1.8002365575862134e-06,
       -1.0901526593874217e-06, -8.0686247782506645e-02,
       -9.1255735983633980e-04, 8.0399430651405535e-02, 1. ]
