%YAML:1.0
cameraMatrix: !!opencv-matrix
   rows: 3
   cols: 3
   dt: d
   data: [ 8.0185291548429302e+02, 0., 6.4106724450633260e+02, 0.,
       8.0299260299905893e+02, 3.8358266843918642e+02, 0., 0., 1. ]
distCoeffs: !!opencv-matrix
   rows: 5
   cols: 1
   dt: d
   data: [ -4.8094397706924530e-01, 3.3197227834070264e-01,
       1.9662147276102611e-03, -3.9917939530041566e-04,
       -1.5704367339429123e-01 ]
