%YAML:1.0
cameraMatrix: !!opencv-matrix
   rows: 3
   cols: 3
   dt: d
   data: [ 7.9755761553941318e+02, 0., 6.3499346913645843e+02, 0.,
       7.9919798842153455e+02, 3.5979864322462583e+02, 0., 0., 1. ]
distCoeffs: !!opencv-matrix
   rows: 5
   cols: 1
   dt: d
   data: [ -4.5771461566914418e-01, 2.4908662735985743e-01,
       1.9381410748153620e-03, 2.0608356756212582e-03,
       -7.8270221479109350e-02 ]
